3.303643183906436
3.305356545483831
3.307420413273359
3.3097916296560057
3.3283919576182073
3.3066275069883555
3.2927370165984353
3.28327416394593
3.269671925397117
3.3142214781019645
3.2719520858663422
3.2799873445402046
3.32199344948226
3.318902240897031
3.3092440295639385
3.2738910492168913
3.3125303165574715
3.3091304529780867
3.290235262416433
3.332413136034652
3.2685608887362907
3.3260763615988704
3.32726949320608
3.2939953650200304
3.3059398805042983
3.289605485123241
3.2746108672056913
3.330865754277866
3.286426535707082
3.285702590380968
3.3292248073767214
3.2694730800903553
3.3008567851663577
3.2962566005486647
3.3029982760717287
3.2966554136463824
3.3317105480571683
3.323007307396969
3.277471824222193
3.2987645643417354
3.281840874350834
3.2775706043021025
3.2922928954877473
3.321363507417819
3.2723180830464145
3.31764604789065
3.2945633086597965
3.277800366482967
3.2954741059233483
3.3100120554151737
3.2821772644269975
3.312107591866785
3.290724043940901
3.2792477203753676
3.296365734445304
3.312822921029275
3.2938193244826013
3.27562156366702
3.311345026685705
3.3188661467359513
3.294824245901405
3.2848332706279373
3.313109388690165
3.2956132083533745
3.2679139949959026
3.3236882912307
3.270200114075076
3.3287937497077826
3.2681152809779226
3.3228245197141737
3.3188402540215938
3.314298392811435
3.286957192149663
3.2682039072997675
3.295633074274952
3.2899149950137065
3.3310636582017144
3.307404669835286
3.2823472768390314
3.3089436959153895
3.3324882665232356
3.2856233149216933
3.3274330246109227
3.331149879372865
3.2693300802921264
3.2731739312669346
3.325916751389867
3.3283117532459565
3.272417650510864
3.2973804151381763
3.3088414369355834
3.3323446522560536
3.3190584586709595
3.2839521107864975
3.2909657665879357
3.326078679868772
3.3215078444351884
3.330428931517928
3.307662547111041
3.295561590427749
3.332366901002097
3.2826455983304896
3.3157797416880443
3.2765928249446197
3.276775613745638
3.32582910536128
3.2818597773828806
3.3027698269411254
3.274569556476534
3.2863171613306372
3.320698816577915
3.314607920428342
3.3000165226163083
3.2729730700814605
3.293553339417157
3.2948049160348423
3.3077594169678224
3.2824111579721045
3.2744240073178688
3.28025163725346
3.283447385626909
3.312902796089076
3.2802239677202056
3.277334276370754
3.28375853302223
3.310980786464243
3.31471632819601
3.303715301706369
3.269450254811803
3.313914570214913
3.2988006041224103
3.29075044686343
3.293456443166574
3.2790731073479806
3.299022675547112
3.294929305803707
3.276105574654489
3.2912012179781205
3.2841429715719306
3.3179431823163212
3.2839373797190876
3.2708927004201835
3.28693475424179
3.2910120892764123
3.2805579813289607
3.320661412153791
3.3070858290395555
3.284548099445793
3.3327512716086414
3.300551796192863
3.3169809787085565
3.3073730641582375
3.3017559778984062
3.2705713437556208
3.2772641212291056
3.295040543398943
3.3107441531002744
3.273228034033781
3.306118735662836
3.267262218585377
3.3325339151585505
3.304071188224106
3.318114696917689
3.2929867417141634
3.3049120195336887
3.2908175503602255
3.268280661110702
3.3195732705851784
3.286017016001045
3.3172489539482557
3.315808579047314
3.2881901655604167
3.3315176995142504
3.323926401413624
3.3070339667669826
3.3009874225878724
3.2688345298437276
3.311564318306065
3.3055913322199646
3.313497923237804
3.302290425211325
3.2961022779274916
3.3056761440458677
3.3309499788170127
3.2828471275024933
3.2839684962698565
3.284163925230191
3.297464108175377
3.3326526964889887
3.328971235037051
3.2813390951509644
3.323878890154595
3.292824940011593
3.314855167574879
3.3102392552595123
3.3018509361996777
3.273347375926482
3.30983723433203
3.278861766344899
3.3157413289274884
3.267734717544299
3.2833331043161267
3.277109337336028
3.274936830498496
3.3062285068524377
3.3103045605520562
3.2899508859852147
3.313404552822722
3.3241126587122003
3.2756588694351088
3.300403870049908
3.2797731107040353
3.3042371253392853
3.329877040863092
3.269363266881988
3.319263598622353
3.324018543474143
3.312561308503405
3.271290478298115
3.2928441603270695
3.2998711355935177
3.3029044544009913
3.2824639900696533
3.3159195861038615
3.3293062255064823
3.308823918631806
3.286136806486111
3.3218216468630564
3.30146538327015
3.2734713904159976
3.3084881368906873
3.273133046671075
3.3187407587064173
3.332893886435967
3.269175821630065
3.3272915803074214
3.2670775048487357
3.272439526213465
3.2821945843938805
3.3012772224634253
3.3053208388757787
3.3235179868004168
3.279819287057459
3.293542578429588
3.3327165141406714
3.2740730268104086
3.286975742110153
3.3001462991040142
3.313911924842489
3.2811052677370167
3.3160876078836585
3.2729887458799936
3.287812390118683
3.281529316450516
3.290086709531544
3.3054568487623355
3.3182456572321
3.2832704094107363
3.274171911997352
3.2694262041630466
3.289156144639252
3.313018965788738
3.2915570994096712
3.2845169319743746
3.2734202830837265
3.305626760285188
3.276111874682896
3.2727176627962917
3.2919646660722837
3.3038946664558297
3.2977765679672073
3.326700501791222
3.2799798729707788
3.3048294964633973
3.3202197446409736
3.3005401859522014
3.30075001180195
3.33251326405202
3.3112222320260214
3.329697417722435
3.3025527697052213
3.2732665568401775
3.324304839922303
3.3053623411666107
3.332877120196454
3.2813756123674653
3.326805815763962
3.284719494056237
3.3324801346438124
3.2876166162985174
3.3034525843642584
3.277732882526518
3.2791266010121953
3.298645297115961
3.2718133033151213
3.3074546343444475
3.3037842228168355
3.270844339201271
3.3195143845511916
3.3262043688305494
3.268918978028109
3.290151087362028
3.2927252789172563
3.3302665065085777
3.2987102756130118
3.2935106093625213
3.3096556978764275
3.3180823102072634
3.293887790937227
3.280674117803428
3.3323508035067277
3.3052493820780624
3.2994183634492606
3.307546694658649
3.3166734064091923
3.316010174957517
3.295069882228198
3.30565612026179
3.2924040120185345
3.2741459876957273
3.307715420887112
3.324672673069592
3.3101236376806527
3.3275904518730934
3.3274759231830378
3.283411919626901
3.2856335617833294
3.305988192870538
3.2922139631459455
3.283177354835876
3.311506689511266
3.276071160239405
3.290588757670775
3.3286471286139627
3.328266296092628
3.2811025067783515
3.3118092761230344
3.2739456064695567
3.3290401537709653
3.3116387655750255
3.2839621528055467
3.290506291829458
3.277856623043749
3.2968549772693105
3.294061588791318
3.289252698457913
3.2781214529702587
3.2748196976718456
3.298919178168251
3.323581516689029
3.3148383280732325
3.3114167711324867
3.2994482650866206
3.315504706785358
3.3201494964516356
3.3315648864696397
3.329409186690162
3.2710180115246863
3.2713946124812336
3.30385632692648
3.328668486467018
3.3038456576695263
3.292700105699903
3.3023598169962605
3.3132402737652167
3.2911481940551517
3.281736042812934
3.3128237881053346
3.3153321041413917
3.317137103659674
3.3215040563834366
3.326656578963275
3.317934087970303
3.3196937237451025
3.3312120146796356
3.331847409898715
3.323569079644771
3.3101234296080775
3.3187691763769416
3.2823377778950293
3.2733856987095153
3.2817246665442243
3.2994821346334993
3.3196022239635736
3.314891908048577
3.3270563290129553
3.276637888700904
3.298262478584267
3.297392188754464
3.321536125356999
3.3250293043739987
3.3153735688184254
3.297922067818019
3.286733834415233
3.3245563632821025
3.274581585645125
3.3139269665032365
3.3065092949933335
3.2926159453571944
3.2935512656027566
3.3123424329313735
3.305005677338792
3.3124968330175193
3.306297271359511
3.285989447803967
3.32280082335339
3.2885737126225942
3.326353871339849
3.2751839602193447
3.3321666124663505
3.2807917669098625
3.286578958990411
3.3046256178801707
3.2981571521620956
3.3223191178196823
3.305567205414841
3.3217966314711473
3.3102342003204988
3.3026641860869295
3.3157180458902142
3.2742837707569934
3.2706899507789644
3.2674689883207
3.3069551052039614
3.2779254935643998
3.278980963052116
3.3182148806941916
3.3080729372804747
3.2931253041848363
3.3236008724823063
3.291148569098772
3.2973866366987448
3.2986424568482473
3.3266110231008224
3.2980592507102227
3.3110147878156932
3.315167205583698
3.3106382197911937
3.2717399632497792
3.2893770826042785
3.326499569860304
3.330002303324983
3.287466201467335
3.2954218074397406
3.2934528422246
3.2859875678361274
3.3167899399715086
3.3033538881035547
3.3302051376736337
3.311670343119039
3.2871870263980636
3.2766448200667257
3.272285921240409
3.286657185868801
3.270181739400775
3.2702735474102442
3.2978163515889873
3.3124541909151866
3.322874159941537
3.28472538533494
